FiscalYear_val,PCOLocation_val,AwardDate_val,FirstDeliveryDate_val,Quantity_val,UnitCost_val,SpecsAvailableNow_val,RFPIssueDate_val,ContractMethod_val,ContractType_val,MonthlyDeliveryScheduleList_MonthlyDeliverySchedule_ServiceAgencyName_val,MonthlyDeliveryScheduleList_MonthlyDeliverySchedule_ProcQuantity_val,MonthlyDeliveryScheduleList_MonthlyDeliverySchedule_AcceptedBeforeOct1_val,@SOURCE_FILENAME,@RECORDID,@ROWID,RevisionsAvailableDate_val,FundingVehicle_val,MonthlyDeliveryScheduleTotal_ProcQuantity_val,MonthlyDeliveryScheduleTotal_MonthlyDeliveryList_MonthlyDelivery,@PARENTROWID,@PARENT
"2013","AFMC/ESC","2013-08","2014-05","4","0.795","true","2013-03","C","BA","Air Force","4","0","2014-BASE_PROCUREMENT-2014-AIRFORCE_OTHER-PROCUREMENT_JustificationBook_Air_Force_PB_2014.zzz_unzipped-PROCUREMENT_JustificationBook_Air_Force_PB_2014.xml","183e2235a8702efde29fd338dbfb0e070b9a0e22f45c0daf1850fb81f56857fb","0-cbc992d3337674de8e0560ffb0d73725e8ab7f2a64276cb75bf2eaa2242f7d7c","","","","","0-4da247c6291fb55a494a2f68b1b8269426beb5bff1ee5fcf16b42a2b22449341","root.record.ItemExhibitList.P5Item.CostElementCategoryList.PackageFielding.Recurring.CostElementList.CostElement.ManufacturerList.Manufacturer"
"2014","AFMC/ESC","2014-08","2015-03","17","0.271","true","2014-05","C","BA","","","","","2014-BASE_PROCUREMENT-2014-AIRFORCE_OTHER-PROCUREMENT_JustificationBook_Air_Force_PB_2014.zzz_unzipped-PROCUREMENT_JustificationBook_Air_Force_PB_2014.xml","183e2235a8702efde29fd338dbfb0e070b9a0e22f45c0daf1850fb81f56857fb","1-9d59035b3c13c38b85c487ab4e9e600ffd96465a082f219308f0c28963ed5741","","","","","0-4da247c6291fb55a494a2f68b1b8269426beb5bff1ee5fcf16b42a2b22449341","root.record.ItemExhibitList.P5Item.CostElementCategoryList.PackageFielding.Recurring.CostElementList.CostElement.ManufacturerList.Manufacturer"
"2015","AFMC/ESC","2015-08","2016-03","17","0.271","true","2014-03","C","BA","","","","","2014-BASE_PROCUREMENT-2014-AIRFORCE_OTHER-PROCUREMENT_JustificationBook_Air_Force_PB_2014.zzz_unzipped-PROCUREMENT_JustificationBook_Air_Force_PB_2014.xml","183e2235a8702efde29fd338dbfb0e070b9a0e22f45c0daf1850fb81f56857fb","2-1534b44241895b92a5343ea8ca5aa6b460b2226f711cee478f254cd3dd054a91","","","","","0-4da247c6291fb55a494a2f68b1b8269426beb5bff1ee5fcf16b42a2b22449341","root.record.ItemExhibitList.P5Item.CostElementCategoryList.PackageFielding.Recurring.CostElementList.CostElement.ManufacturerList.Manufacturer"
"2012","AFMC/ESC","2013-05","2013-07","30","0.481","true","2013-03","C","BA","","","","","2014-BASE_PROCUREMENT-2014-AIRFORCE_OTHER-PROCUREMENT_JustificationBook_Air_Force_PB_2014.zzz_unzipped-PROCUREMENT_JustificationBook_Air_Force_PB_2014.xml","183e2235a8702efde29fd338dbfb0e070b9a0e22f45c0daf1850fb81f56857fb","0-f68051e60ff3af56209d88e5e268cfbc23b546a99a59743824b505679cfd686e","","","","","0-a254cdf313402014a0438993bb65c4c2a0b4252a72976db0c03fb7c3560543ca","root.record.ItemExhibitList.P5Item.CostElementCategoryList.PackageFielding.Recurring.CostElementList.CostElement.ManufacturerList.Manufacturer"
"2013","AFMC/ESC","2013-07","2014-04","152","0.213","true","2013-03","C","BA","","","","","2014-BASE_PROCUREMENT-2014-AIRFORCE_OTHER-PROCUREMENT_JustificationBook_Air_Force_PB_2014.zzz_unzipped-PROCUREMENT_JustificationBook_Air_Force_PB_2014.xml","183e2235a8702efde29fd338dbfb0e070b9a0e22f45c0daf1850fb81f56857fb","1-c2e51638d16ac76f4b12620b9904579c4ebe30ad6374f65364a2e6783a7f4bfa","","","","","0-a254cdf313402014a0438993bb65c4c2a0b4252a72976db0c03fb7c3560543ca","root.record.ItemExhibitList.P5Item.CostElementCategoryList.PackageFielding.Recurring.CostElementList.CostElement.ManufacturerList.Manufacturer"
"2018","AFMC/ESC","2018-03","2018-11","67","0.222","true","2018-01","C","BA","","","","","2014-BASE_PROCUREMENT-2014-AIRFORCE_OTHER-PROCUREMENT_JustificationBook_Air_Force_PB_2014.zzz_unzipped-PROCUREMENT_JustificationBook_Air_Force_PB_2014.xml","183e2235a8702efde29fd338dbfb0e070b9a0e22f45c0daf1850fb81f56857fb","2-d2157f2154acb7c5f0fe72c4fdfbfc7ab6e67febd52584e91b1e89edf3a512f7","","","","","0-a254cdf313402014a0438993bb65c4c2a0b4252a72976db0c03fb7c3560543ca","root.record.ItemExhibitList.P5Item.CostElementCategoryList.PackageFielding.Recurring.CostElementList.CostElement.ManufacturerList.Manufacturer"
"2013","AFMC/ESC","2013-04","2014-01","106","0.160","true","2013-01","C","BA","","","","","2014-BASE_PROCUREMENT-2014-AIRFORCE_OTHER-PROCUREMENT_JustificationBook_Air_Force_PB_2014.zzz_unzipped-PROCUREMENT_JustificationBook_Air_Force_PB_2014.xml","183e2235a8702efde29fd338dbfb0e070b9a0e22f45c0daf1850fb81f56857fb","0-94da77d03e9731456bd919eb1e0a5574432f501b80509455f08c0df07dc34661","","","","","0-4c4602911e031fc13f429b03f8ac4d2323282cadd770a08ff1ff20a55c1de664","root.record.ItemExhibitList.P5Item.CostElementCategoryList.PackageFielding.Recurring.CostElementList.CostElement.ManufacturerList.Manufacturer"
"2014","AFMC/ESC","2014-04","2015-01","106","0.092","true","2014-01","C","BA","","","","","2014-BASE_PROCUREMENT-2014-AIRFORCE_OTHER-PROCUREMENT_JustificationBook_Air_Force_PB_2014.zzz_unzipped-PROCUREMENT_JustificationBook_Air_Force_PB_2014.xml","183e2235a8702efde29fd338dbfb0e070b9a0e22f45c0daf1850fb81f56857fb","1-5064011be1e5f5d92cce2141dac499fe882b2b820e5f2b93ff9de0abdd67ed45","","","","","0-4c4602911e031fc13f429b03f8ac4d2323282cadd770a08ff1ff20a55c1de664","root.record.ItemExhibitList.P5Item.CostElementCategoryList.PackageFielding.Recurring.CostElementList.CostElement.ManufacturerList.Manufacturer"
"2015","AFMC/ESC","2015-04","2016-01","106","0.094","true","2015-01","C","BA","","","","","2014-BASE_PROCUREMENT-2014-AIRFORCE_OTHER-PROCUREMENT_JustificationBook_Air_Force_PB_2014.zzz_unzipped-PROCUREMENT_JustificationBook_Air_Force_PB_2014.xml","183e2235a8702efde29fd338dbfb0e070b9a0e22f45c0daf1850fb81f56857fb","2-39cf53fbbbae42b9e02b70146b9379e6b4afd4b31d2d73a1ba49f5f547c4d8cd","","","","","0-4c4602911e031fc13f429b03f8ac4d2323282cadd770a08ff1ff20a55c1de664","root.record.ItemExhibitList.P5Item.CostElementCategoryList.PackageFielding.Recurring.CostElementList.CostElement.ManufacturerList.Manufacturer"
"2016","AFMC/ESC","2016-04","2017-01","106","0.096","true","2016-01","C","BA","","","","","2014-BASE_PROCUREMENT-2014-AIRFORCE_OTHER-PROCUREMENT_JustificationBook_Air_Force_PB_2014.zzz_unzipped-PROCUREMENT_JustificationBook_Air_Force_PB_2014.xml","183e2235a8702efde29fd338dbfb0e070b9a0e22f45c0daf1850fb81f56857fb","3-706bc288d740d842e2be8625092069d4ac6d6732944724d5c236bc2b5a355ade","","","","","0-4c4602911e031fc13f429b03f8ac4d2323282cadd770a08ff1ff20a55c1de664","root.record.ItemExhibitList.P5Item.CostElementCategoryList.PackageFielding.Recurring.CostElementList.CostElement.ManufacturerList.Manufacturer"
"2017","AFMC/ESC","2017-04","2018-01","106","0.098","true","2017-01","C","BA","","","","","2014-BASE_PROCUREMENT-2014-AIRFORCE_OTHER-PROCUREMENT_JustificationBook_Air_Force_PB_2014.zzz_unzipped-PROCUREMENT_JustificationBook_Air_Force_PB_2014.xml","183e2235a8702efde29fd338dbfb0e070b9a0e22f45c0daf1850fb81f56857fb","4-653c4bf907d52590552e823756c7e2a9a7405590343ccd7bcbbd5441c63addd3","","","","","0-4c4602911e031fc13f429b03f8ac4d2323282cadd770a08ff1ff20a55c1de664","root.record.ItemExhibitList.P5Item.CostElementCategoryList.PackageFielding.Recurring.CostElementList.CostElement.ManufacturerList.Manufacturer"
"2018","AFMC/ESC","2018-04","2019-01","106","0.100","true","2018-01","C","BA","","","","","2014-BASE_PROCUREMENT-2014-AIRFORCE_OTHER-PROCUREMENT_JustificationBook_Air_Force_PB_2014.zzz_unzipped-PROCUREMENT_JustificationBook_Air_Force_PB_2014.xml","183e2235a8702efde29fd338dbfb0e070b9a0e22f45c0daf1850fb81f56857fb","5-442b977d5bf9fbabe059659093789dd94df4eca72ea1fac166241da59a5fee7c","","","","","0-4c4602911e031fc13f429b03f8ac4d2323282cadd770a08ff1ff20a55c1de664","root.record.ItemExhibitList.P5Item.CostElementCategoryList.PackageFielding.Recurring.CostElementList.CostElement.ManufacturerList.Manufacturer"
"2013","AFMC/ESC","2013-08","2014-05","226","0.013","true","2012-12","C","BA","","","","","2014-BASE_PROCUREMENT-2014-AIRFORCE_OTHER-PROCUREMENT_JustificationBook_Air_Force_PB_2014.zzz_unzipped-PROCUREMENT_JustificationBook_Air_Force_PB_2014.xml","183e2235a8702efde29fd338dbfb0e070b9a0e22f45c0daf1850fb81f56857fb","0-cb60afac6d0ceea035adaa799c679e0f95b78a2a25a20e9b448c39df3a6f9aad","","","","","0-adfd83f8ab4607b70345139a2f394f9d86e7d8f478811d8d75fd86e8a3d7a341","root.record.ItemExhibitList.P5Item.CostElementCategoryList.PackageFielding.Recurring.CostElementList.CostElement.ManufacturerList.Manufacturer"
"2012","AFMC/ESC","2012-03","2012-11","107","0.246","true","2012-01","C","BA","","","","","2014-BASE_PROCUREMENT-2014-AIRFORCE_OTHER-PROCUREMENT_JustificationBook_Air_Force_PB_2014.zzz_unzipped-PROCUREMENT_JustificationBook_Air_Force_PB_2014.xml","183e2235a8702efde29fd338dbfb0e070b9a0e22f45c0daf1850fb81f56857fb","0-d67a8940786bf6416bf0b41619e6d68e06a6fe4a98af67b7795e291be45e1ff5","","","","","0-6a8068c91453095264cc34c901c8322bd513c14760eb4e9f55a44750914a7e39","root.record.ItemExhibitList.P5Item.CostElementCategoryList.PackageFielding.Recurring.CostElementList.CostElement.ManufacturerList.Manufacturer"
"2013","AFMC/ESC","2013-03","2013-11","107","0.100","true","2013-01","C","BA","","","","","2014-BASE_PROCUREMENT-2014-AIRFORCE_OTHER-PROCUREMENT_JustificationBook_Air_Force_PB_2014.zzz_unzipped-PROCUREMENT_JustificationBook_Air_Force_PB_2014.xml","183e2235a8702efde29fd338dbfb0e070b9a0e22f45c0daf1850fb81f56857fb","1-a89ee1e50ab9ccc0d5513d4063e3bdc8141ad00aca94bf558e3ac1e76c489675","","","","","0-6a8068c91453095264cc34c901c8322bd513c14760eb4e9f55a44750914a7e39","root.record.ItemExhibitList.P5Item.CostElementCategoryList.PackageFielding.Recurring.CostElementList.CostElement.ManufacturerList.Manufacturer"
"2014","AFMC/ESC","2014-03","2014-11","107","0.171","true","2014-01","C","BA","","","","","2014-BASE_PROCUREMENT-2014-AIRFORCE_OTHER-PROCUREMENT_JustificationBook_Air_Force_PB_2014.zzz_unzipped-PROCUREMENT_JustificationBook_Air_Force_PB_2014.xml","183e2235a8702efde29fd338dbfb0e070b9a0e22f45c0daf1850fb81f56857fb","2-05ceb0f3ab351bbdfb0061c7a136d4219c4a7a401955f1b5289079cca95bf016","","","","","0-6a8068c91453095264cc34c901c8322bd513c14760eb4e9f55a44750914a7e39","root.record.ItemExhibitList.P5Item.CostElementCategoryList.PackageFielding.Recurring.CostElementList.CostElement.ManufacturerList.Manufacturer"
"2015","AFMC/ESC","2015-03","2015-11","107","0.441","true","2015-01","C","BA","","","","","2014-BASE_PROCUREMENT-2014-AIRFORCE_OTHER-PROCUREMENT_JustificationBook_Air_Force_PB_2014.zzz_unzipped-PROCUREMENT_JustificationBook_Air_Force_PB_2014.xml","183e2235a8702efde29fd338dbfb0e070b9a0e22f45c0daf1850fb81f56857fb","3-c62c1b2794ffa905ed3c15c1b7109ee5d5c01891598eed30e642810ddd2855c7","","","","","0-6a8068c91453095264cc34c901c8322bd513c14760eb4e9f55a44750914a7e39","root.record.ItemExhibitList.P5Item.CostElementCategoryList.PackageFielding.Recurring.CostElementList.CostElement.ManufacturerList.Manufacturer"
"2016","AFMC/ESC","2016-03","2016-11","107","0.349","true","2016-01","C","BA","","","","","2014-BASE_PROCUREMENT-2014-AIRFORCE_OTHER-PROCUREMENT_JustificationBook_Air_Force_PB_2014.zzz_unzipped-PROCUREMENT_JustificationBook_Air_Force_PB_2014.xml","183e2235a8702efde29fd338dbfb0e070b9a0e22f45c0daf1850fb81f56857fb","4-75dd7e6acdba952e49f7de58ee26b3d49f904962fde83ecf4a01a5f7a53c9929","","","","","0-6a8068c91453095264cc34c901c8322bd513c14760eb4e9f55a44750914a7e39","root.record.ItemExhibitList.P5Item.CostElementCategoryList.PackageFielding.Recurring.CostElementList.CostElement.ManufacturerList.Manufacturer"
"2017","AFMC/ESC","2017-03","2017-11","107","0.372","true","2017-01","C","BA","","","","","2014-BASE_PROCUREMENT-2014-AIRFORCE_OTHER-PROCUREMENT_JustificationBook_Air_Force_PB_2014.zzz_unzipped-PROCUREMENT_JustificationBook_Air_Force_PB_2014.xml","183e2235a8702efde29fd338dbfb0e070b9a0e22f45c0daf1850fb81f56857fb","5-b84128fa847b1a8688c14679f0f2b9bd192a19b763379b5b1d626ce25207bb80","","","","","0-6a8068c91453095264cc34c901c8322bd513c14760eb4e9f55a44750914a7e39","root.record.ItemExhibitList.P5Item.CostElementCategoryList.PackageFielding.Recurring.CostElementList.CostElement.ManufacturerList.Manufacturer"
"2018","AFMC/ESC","2018-03","2018-11","107","0.174","true","2018-01","C","BA","","","","","2014-BASE_PROCUREMENT-2014-AIRFORCE_OTHER-PROCUREMENT_JustificationBook_Air_Force_PB_2014.zzz_unzipped-PROCUREMENT_JustificationBook_Air_Force_PB_2014.xml","183e2235a8702efde29fd338dbfb0e070b9a0e22f45c0daf1850fb81f56857fb","6-3707de604399c5595f32547bd7e5f4c0f5b1b4340a57538e41c9662423025eb5","","","","","0-6a8068c91453095264cc34c901c8322bd513c14760eb4e9f55a44750914a7e39","root.record.ItemExhibitList.P5Item.CostElementCategoryList.PackageFielding.Recurring.CostElementList.CostElement.ManufacturerList.Manufacturer"
"2013","AFMC/ESC","2013-08","2014-05","4","0.795","true","2013-03","C","BA","Air Force","4","0","2014-BASE_PROCUREMENT-2014-AIRFORCE_OTHER-PROCUREMENT_MasterJustificationBook_Air_Force_PB_2014.zzz_unzipped-PROCUREMENT_MasterJustificationBook_Air_Force_PB_2014.xml","5900c9666985c01314d4a2a76f9022ef6609a516534f5cd224b6144f366eb840","0-cbfaf83bb044dbb894095420b262039503e2c1ad99687f465eccd0bb33d15d11","","","","","0-3dc9de3e993af856271db57110ac0f47a944004727c94ba207e6c8d7091b8f4f","root.record.ItemExhibitList.P5Item.CostElementCategoryList.PackageFielding.Recurring.CostElementList.CostElement.ManufacturerList.Manufacturer"
"2014","AFMC/ESC","2014-08","2015-03","17","0.271","true","2014-05","C","BA","","","","","2014-BASE_PROCUREMENT-2014-AIRFORCE_OTHER-PROCUREMENT_MasterJustificationBook_Air_Force_PB_2014.zzz_unzipped-PROCUREMENT_MasterJustificationBook_Air_Force_PB_2014.xml","5900c9666985c01314d4a2a76f9022ef6609a516534f5cd224b6144f366eb840","1-136dc0c22e8d42a1c2fcedfe3935b6c76d96577a623add3a4f29afb72ae9fa28","","","","","0-3dc9de3e993af856271db57110ac0f47a944004727c94ba207e6c8d7091b8f4f","root.record.ItemExhibitList.P5Item.CostElementCategoryList.PackageFielding.Recurring.CostElementList.CostElement.ManufacturerList.Manufacturer"
"2015","AFMC/ESC","2015-08","2016-03","17","0.271","true","2014-03","C","BA","","","","","2014-BASE_PROCUREMENT-2014-AIRFORCE_OTHER-PROCUREMENT_MasterJustificationBook_Air_Force_PB_2014.zzz_unzipped-PROCUREMENT_MasterJustificationBook_Air_Force_PB_2014.xml","5900c9666985c01314d4a2a76f9022ef6609a516534f5cd224b6144f366eb840","2-4dc02920f6f6020b95848750324f1f8e73ba7762ccd1332f5f2b1bfc46614655","","","","","0-3dc9de3e993af856271db57110ac0f47a944004727c94ba207e6c8d7091b8f4f","root.record.ItemExhibitList.P5Item.CostElementCategoryList.PackageFielding.Recurring.CostElementList.CostElement.ManufacturerList.Manufacturer"
"2012","AFMC/ESC","2013-05","2013-07","30","0.481","true","2013-03","C","BA","","","","","2014-BASE_PROCUREMENT-2014-AIRFORCE_OTHER-PROCUREMENT_MasterJustificationBook_Air_Force_PB_2014.zzz_unzipped-PROCUREMENT_MasterJustificationBook_Air_Force_PB_2014.xml","5900c9666985c01314d4a2a76f9022ef6609a516534f5cd224b6144f366eb840","0-f01782dba15d6228384d11ec75258584cf3f442bdb81329e5c5ce5459fadf61f","","","","","0-d70d48cf98dfd6b2b7f2c74976238edb0801aa9eac0049fbd7e562e47d603875","root.record.ItemExhibitList.P5Item.CostElementCategoryList.PackageFielding.Recurring.CostElementList.CostElement.ManufacturerList.Manufacturer"
"2013","AFMC/ESC","2013-07","2014-04","152","0.213","true","2013-03","C","BA","","","","","2014-BASE_PROCUREMENT-2014-AIRFORCE_OTHER-PROCUREMENT_MasterJustificationBook_Air_Force_PB_2014.zzz_unzipped-PROCUREMENT_MasterJustificationBook_Air_Force_PB_2014.xml","5900c9666985c01314d4a2a76f9022ef6609a516534f5cd224b6144f366eb840","1-da59f344376574570853a96b70d135d1051c29c812be05fa28c0966e50019c98","","","","","0-d70d48cf98dfd6b2b7f2c74976238edb0801aa9eac0049fbd7e562e47d603875","root.record.ItemExhibitList.P5Item.CostElementCategoryList.PackageFielding.Recurring.CostElementList.CostElement.ManufacturerList.Manufacturer"
"2018","AFMC/ESC","2018-03","2018-11","67","0.222","true","2018-01","C","BA","","","","","2014-BASE_PROCUREMENT-2014-AIRFORCE_OTHER-PROCUREMENT_MasterJustificationBook_Air_Force_PB_2014.zzz_unzipped-PROCUREMENT_MasterJustificationBook_Air_Force_PB_2014.xml","5900c9666985c01314d4a2a76f9022ef6609a516534f5cd224b6144f366eb840","2-08f596265b1b4c7ccdb2164a8544f4de109316d84a1245792a13d40729d72d4a","","","","","0-d70d48cf98dfd6b2b7f2c74976238edb0801aa9eac0049fbd7e562e47d603875","root.record.ItemExhibitList.P5Item.CostElementCategoryList.PackageFielding.Recurring.CostElementList.CostElement.ManufacturerList.Manufacturer"
"2013","AFMC/ESC","2013-04","2014-01","106","0.160","true","2013-01","C","BA","","","","","2014-BASE_PROCUREMENT-2014-AIRFORCE_OTHER-PROCUREMENT_MasterJustificationBook_Air_Force_PB_2014.zzz_unzipped-PROCUREMENT_MasterJustificationBook_Air_Force_PB_2014.xml","5900c9666985c01314d4a2a76f9022ef6609a516534f5cd224b6144f366eb840","0-90334003df081dcafabae10702ea0494f6579219305100f99665a8bd12c007ba","","","","","0-b4cb1e7d916b35b2b363fb82a8fd8cc83ae1462141da96db31ec19bebdd4be88","root.record.ItemExhibitList.P5Item.CostElementCategoryList.PackageFielding.Recurring.CostElementList.CostElement.ManufacturerList.Manufacturer"
"2014","AFMC/ESC","2014-04","2015-01","106","0.092","true","2014-01","C","BA","","","","","2014-BASE_PROCUREMENT-2014-AIRFORCE_OTHER-PROCUREMENT_MasterJustificationBook_Air_Force_PB_2014.zzz_unzipped-PROCUREMENT_MasterJustificationBook_Air_Force_PB_2014.xml","5900c9666985c01314d4a2a76f9022ef6609a516534f5cd224b6144f366eb840","1-6960dd207ae196bdd1117efc619237b7625437fa33954024d00cb6c736d42db3","","","","","0-b4cb1e7d916b35b2b363fb82a8fd8cc83ae1462141da96db31ec19bebdd4be88","root.record.ItemExhibitList.P5Item.CostElementCategoryList.PackageFielding.Recurring.CostElementList.CostElement.ManufacturerList.Manufacturer"
"2015","AFMC/ESC","2015-04","2016-01","106","0.094","true","2015-01","C","BA","","","","","2014-BASE_PROCUREMENT-2014-AIRFORCE_OTHER-PROCUREMENT_MasterJustificationBook_Air_Force_PB_2014.zzz_unzipped-PROCUREMENT_MasterJustificationBook_Air_Force_PB_2014.xml","5900c9666985c01314d4a2a76f9022ef6609a516534f5cd224b6144f366eb840","2-fa1727f46925cef1adc6111887e76839311501d43a90c743b2f58d2957d71eb9","","","","","0-b4cb1e7d916b35b2b363fb82a8fd8cc83ae1462141da96db31ec19bebdd4be88","root.record.ItemExhibitList.P5Item.CostElementCategoryList.PackageFielding.Recurring.CostElementList.CostElement.ManufacturerList.Manufacturer"
"2016","AFMC/ESC","2016-04","2017-01","106","0.096","true","2016-01","C","BA","","","","","2014-BASE_PROCUREMENT-2014-AIRFORCE_OTHER-PROCUREMENT_MasterJustificationBook_Air_Force_PB_2014.zzz_unzipped-PROCUREMENT_MasterJustificationBook_Air_Force_PB_2014.xml","5900c9666985c01314d4a2a76f9022ef6609a516534f5cd224b6144f366eb840","3-66dbc7ac40c7e8b442d768f1b651cc938c612166065eff7679c1561fdfa0614f","","","","","0-b4cb1e7d916b35b2b363fb82a8fd8cc83ae1462141da96db31ec19bebdd4be88","root.record.ItemExhibitList.P5Item.CostElementCategoryList.PackageFielding.Recurring.CostElementList.CostElement.ManufacturerList.Manufacturer"
"2017","AFMC/ESC","2017-04","2018-01","106","0.098","true","2017-01","C","BA","","","","","2014-BASE_PROCUREMENT-2014-AIRFORCE_OTHER-PROCUREMENT_MasterJustificationBook_Air_Force_PB_2014.zzz_unzipped-PROCUREMENT_MasterJustificationBook_Air_Force_PB_2014.xml","5900c9666985c01314d4a2a76f9022ef6609a516534f5cd224b6144f366eb840","4-fc634929ce7d22a046209b3892f63cbc39c8b394e89c25f73a99594d3cd7af1b","","","","","0-b4cb1e7d916b35b2b363fb82a8fd8cc83ae1462141da96db31ec19bebdd4be88","root.record.ItemExhibitList.P5Item.CostElementCategoryList.PackageFielding.Recurring.CostElementList.CostElement.ManufacturerList.Manufacturer"
"2018","AFMC/ESC","2018-04","2019-01","106","0.100","true","2018-01","C","BA","","","","","2014-BASE_PROCUREMENT-2014-AIRFORCE_OTHER-PROCUREMENT_MasterJustificationBook_Air_Force_PB_2014.zzz_unzipped-PROCUREMENT_MasterJustificationBook_Air_Force_PB_2014.xml","5900c9666985c01314d4a2a76f9022ef6609a516534f5cd224b6144f366eb840","5-530b8c0f9025a342d4b24ff689e41c56535025d78678e2b69b87e2e9713880d5","","","","","0-b4cb1e7d916b35b2b363fb82a8fd8cc83ae1462141da96db31ec19bebdd4be88","root.record.ItemExhibitList.P5Item.CostElementCategoryList.PackageFielding.Recurring.CostElementList.CostElement.ManufacturerList.Manufacturer"
"2013","AFMC/ESC","2013-08","2014-05","226","0.013","true","2012-12","C","BA","","","","","2014-BASE_PROCUREMENT-2014-AIRFORCE_OTHER-PROCUREMENT_MasterJustificationBook_Air_Force_PB_2014.zzz_unzipped-PROCUREMENT_MasterJustificationBook_Air_Force_PB_2014.xml","5900c9666985c01314d4a2a76f9022ef6609a516534f5cd224b6144f366eb840","0-7fa4203d39ff4d2f71e2c964e049096c3ab9c46e5c5b334d81445aa2222ff48d","","","","","0-81707f3b82b779a062a74d0ec0aed2af06ec0d0b76b2c94f08fc60dd64114bb1","root.record.ItemExhibitList.P5Item.CostElementCategoryList.PackageFielding.Recurring.CostElementList.CostElement.ManufacturerList.Manufacturer"
"2012","AFMC/ESC","2012-03","2012-11","107","0.246","true","2012-01","C","BA","","","","","2014-BASE_PROCUREMENT-2014-AIRFORCE_OTHER-PROCUREMENT_MasterJustificationBook_Air_Force_PB_2014.zzz_unzipped-PROCUREMENT_MasterJustificationBook_Air_Force_PB_2014.xml","5900c9666985c01314d4a2a76f9022ef6609a516534f5cd224b6144f366eb840","0-234f8f44b4f96ace0a4e7789c12ce16ceeeed6bd178548788db4a87925db9474","","","","","0-d1be9e6010c656d675479d35ca383d43a9d975f0ce7a510436de8fae1079e252","root.record.ItemExhibitList.P5Item.CostElementCategoryList.PackageFielding.Recurring.CostElementList.CostElement.ManufacturerList.Manufacturer"
"2013","AFMC/ESC","2013-03","2013-11","107","0.100","true","2013-01","C","BA","","","","","2014-BASE_PROCUREMENT-2014-AIRFORCE_OTHER-PROCUREMENT_MasterJustificationBook_Air_Force_PB_2014.zzz_unzipped-PROCUREMENT_MasterJustificationBook_Air_Force_PB_2014.xml","5900c9666985c01314d4a2a76f9022ef6609a516534f5cd224b6144f366eb840","1-45dfaf75da5038f25d4be1aa36dbe58413d52f444798642feeb304734bde0313","","","","","0-d1be9e6010c656d675479d35ca383d43a9d975f0ce7a510436de8fae1079e252","root.record.ItemExhibitList.P5Item.CostElementCategoryList.PackageFielding.Recurring.CostElementList.CostElement.ManufacturerList.Manufacturer"
"2014","AFMC/ESC","2014-03","2014-11","107","0.171","true","2014-01","C","BA","","","","","2014-BASE_PROCUREMENT-2014-AIRFORCE_OTHER-PROCUREMENT_MasterJustificationBook_Air_Force_PB_2014.zzz_unzipped-PROCUREMENT_MasterJustificationBook_Air_Force_PB_2014.xml","5900c9666985c01314d4a2a76f9022ef6609a516534f5cd224b6144f366eb840","2-6cc79e395a3f1b3d9bbad35ce94c090f84b0495d33e80683364d28ae40a993c4","","","","","0-d1be9e6010c656d675479d35ca383d43a9d975f0ce7a510436de8fae1079e252","root.record.ItemExhibitList.P5Item.CostElementCategoryList.PackageFielding.Recurring.CostElementList.CostElement.ManufacturerList.Manufacturer"
"2015","AFMC/ESC","2015-03","2015-11","107","0.441","true","2015-01","C","BA","","","","","2014-BASE_PROCUREMENT-2014-AIRFORCE_OTHER-PROCUREMENT_MasterJustificationBook_Air_Force_PB_2014.zzz_unzipped-PROCUREMENT_MasterJustificationBook_Air_Force_PB_2014.xml","5900c9666985c01314d4a2a76f9022ef6609a516534f5cd224b6144f366eb840","3-73b13a5e52edb4dcc81194f2d1616f68eada79b05c8f4b6d44969a5dff962f99","","","","","0-d1be9e6010c656d675479d35ca383d43a9d975f0ce7a510436de8fae1079e252","root.record.ItemExhibitList.P5Item.CostElementCategoryList.PackageFielding.Recurring.CostElementList.CostElement.ManufacturerList.Manufacturer"
"2016","AFMC/ESC","2016-03","2016-11","107","0.349","true","2016-01","C","BA","","","","","2014-BASE_PROCUREMENT-2014-AIRFORCE_OTHER-PROCUREMENT_MasterJustificationBook_Air_Force_PB_2014.zzz_unzipped-PROCUREMENT_MasterJustificationBook_Air_Force_PB_2014.xml","5900c9666985c01314d4a2a76f9022ef6609a516534f5cd224b6144f366eb840","4-b8b58c094b1ef31564443cd72537b9a84c3b0524ad595a293aea7a40ca11d52d","","","","","0-d1be9e6010c656d675479d35ca383d43a9d975f0ce7a510436de8fae1079e252","root.record.ItemExhibitList.P5Item.CostElementCategoryList.PackageFielding.Recurring.CostElementList.CostElement.ManufacturerList.Manufacturer"
"2017","AFMC/ESC","2017-03","2017-11","107","0.372","true","2017-01","C","BA","","","","","2014-BASE_PROCUREMENT-2014-AIRFORCE_OTHER-PROCUREMENT_MasterJustificationBook_Air_Force_PB_2014.zzz_unzipped-PROCUREMENT_MasterJustificationBook_Air_Force_PB_2014.xml","5900c9666985c01314d4a2a76f9022ef6609a516534f5cd224b6144f366eb840","5-b02f0712c7fac1d731db5386d5dac67749fdb319362f6e7102dd9bc387224a84","","","","","0-d1be9e6010c656d675479d35ca383d43a9d975f0ce7a510436de8fae1079e252","root.record.ItemExhibitList.P5Item.CostElementCategoryList.PackageFielding.Recurring.CostElementList.CostElement.ManufacturerList.Manufacturer"
"2018","AFMC/ESC","2018-03","2018-11","107","0.174","true","2018-01","C","BA","","","","","2014-BASE_PROCUREMENT-2014-AIRFORCE_OTHER-PROCUREMENT_MasterJustificationBook_Air_Force_PB_2014.zzz_unzipped-PROCUREMENT_MasterJustificationBook_Air_Force_PB_2014.xml","5900c9666985c01314d4a2a76f9022ef6609a516534f5cd224b6144f366eb840","6-cf2229cd891d55314dceb400291fb71837486f21f82aad8972e92afbf6447b21","","","","","0-d1be9e6010c656d675479d35ca383d43a9d975f0ce7a510436de8fae1079e252","root.record.ItemExhibitList.P5Item.CostElementCategoryList.PackageFielding.Recurring.CostElementList.CostElement.ManufacturerList.Manufacturer"
"2015","ACC-NJ","2015-05","2016-05","1","13230.000","false","2013-02","C","CPIF","","","","","2015-BASE_PROCUREMENT-2015-ARMY_OTHER_2-PROCUREMENT_JustificationBook_Army_PB_2015.zzz_unzipped-PROCUREMENT_JustificationBook_Army_PB_2015.xml","15e3c75f11cb579415ed3ce04619f365cf2710febf04f777fc059e6e23827745","0-44a60e57f6be96074ec6f27130033242a41ea312b6bc1b3838e0181e2f39701b","","","","","0-1e005ad286562b8d3299af7c49999ede88fcfe8245ed12dd6f7d314f1b87583f","root.record.ItemExhibitList.P5Item.CostElementCategoryList.PackageFielding.Recurring.CostElementList.CostElement.ManufacturerList.Manufacturer"
"2016","AFLCMC Hanscom AFB","2015-11","2017-03","1","19.576","false","","","","","","","","2016-BASE_PROCUREMENT-2016-AIRFORCE_OTHER-PROCUREMENT_JustificationBook_Air_Force_PB_2016.zzz_unzipped-PROCUREMENT_JustificationBook_Air_Force_PB_2016.xml","8ecf5c6c6452e435852ecf4ce61c70ecc32c1b72674155a20b79c9ee6fe4d103","0-d277d594e8e00cb96eb1254bb93485f2cf3f016579ddf9412fc312b7a21bb6df","2015-10","TBD","","","0-ec928663987fd2b3720f59410d9368d5a0fc629c266b7fe3dcc92b5c8ba1c19d","root.record.ItemExhibitList.P5Item.CostElementCategoryList.PackageFielding.Recurring.CostElementList.CostElement.ManufacturerList.Manufacturer"
"2017","AFLCMC Hanscom AFB","2016-11","2017-11","4","10.857","false","","","","","","","","2016-BASE_PROCUREMENT-2016-AIRFORCE_OTHER-PROCUREMENT_JustificationBook_Air_Force_PB_2016.zzz_unzipped-PROCUREMENT_JustificationBook_Air_Force_PB_2016.xml","8ecf5c6c6452e435852ecf4ce61c70ecc32c1b72674155a20b79c9ee6fe4d103","1-228846837f65ed2af495baa4dec2c20f74e1172f1bb636cfc02f8f766103ddb2","2015-10","TBD","","","0-ec928663987fd2b3720f59410d9368d5a0fc629c266b7fe3dcc92b5c8ba1c19d","root.record.ItemExhibitList.P5Item.CostElementCategoryList.PackageFielding.Recurring.CostElementList.CostElement.ManufacturerList.Manufacturer"
"2018","AFLCMC Hanscom AFB","2017-11","2018-11","1","9.300","false","","","","","","","","2016-BASE_PROCUREMENT-2016-AIRFORCE_OTHER-PROCUREMENT_JustificationBook_Air_Force_PB_2016.zzz_unzipped-PROCUREMENT_JustificationBook_Air_Force_PB_2016.xml","8ecf5c6c6452e435852ecf4ce61c70ecc32c1b72674155a20b79c9ee6fe4d103","2-289d2cea003453d0a0559a16a943a9be10bbe33b472d5e9e1d1afa5f768bd0d1","2015-10","TBD","","","0-ec928663987fd2b3720f59410d9368d5a0fc629c266b7fe3dcc92b5c8ba1c19d","root.record.ItemExhibitList.P5Item.CostElementCategoryList.PackageFielding.Recurring.CostElementList.CostElement.ManufacturerList.Manufacturer"
"2016","Hanscom AFB","2016-01","2016-07","1","11.600","true","","","","","","","","2016-BASE_PROCUREMENT-2016-AIRFORCE_OTHER-PROCUREMENT_JustificationBook_Air_Force_PB_2016.zzz_unzipped-PROCUREMENT_JustificationBook_Air_Force_PB_2016.xml","bce46289ef8f6407bbe591fc76b251a80583d0d995defaa591cb39eec921a4f4","0-6e141ba06a67d8f3a30f5530720b0c878824867f0e71361caaf5b97c67f04fb4","","TBD","","","0-961cf18d510552ea66de6a77fbb67de571570ade498ff77cf4e057756dd7da1e","root.record.ItemExhibitList.P5Item.CostElementCategoryList.PackageFielding.Recurring.CostElementList.CostElement.ManufacturerList.Manufacturer"
"2017","Hanscom AFB","2017-01","2017-07","1","2.456","true","","","","","","","","2016-BASE_PROCUREMENT-2016-AIRFORCE_OTHER-PROCUREMENT_JustificationBook_Air_Force_PB_2016.zzz_unzipped-PROCUREMENT_JustificationBook_Air_Force_PB_2016.xml","bce46289ef8f6407bbe591fc76b251a80583d0d995defaa591cb39eec921a4f4","1-16c19c41337d2c19dd949ec5e66ad6364af556be4ad2992334713d68f0320ede","","TBD","","","0-961cf18d510552ea66de6a77fbb67de571570ade498ff77cf4e057756dd7da1e","root.record.ItemExhibitList.P5Item.CostElementCategoryList.PackageFielding.Recurring.CostElementList.CostElement.ManufacturerList.Manufacturer"
"2016","Hanscom AFB","2016-01","2016-07","1","16.329","true","","","","","","","","2016-BASE_PROCUREMENT-2016-AIRFORCE_OTHER-PROCUREMENT_JustificationBook_Air_Force_PB_2016.zzz_unzipped-PROCUREMENT_JustificationBook_Air_Force_PB_2016.xml","bce46289ef8f6407bbe591fc76b251a80583d0d995defaa591cb39eec921a4f4","0-e5267cd00fbc972fc7f55933d9ef174f407f6e3bd841dff0c469e8b026ed0273","","TBD","","","0-031fb799ab7c56264e73aa6fe8dfc7cb5321072a3c973297b563cab0a649af94","root.record.ItemExhibitList.P5Item.CostElementCategoryList.PackageFielding.Recurring.CostElementList.CostElement.ManufacturerList.Manufacturer"
"2017","Hanscom AFB","2017-01","2017-07","1","0.943","true","","","","","","","","2016-BASE_PROCUREMENT-2016-AIRFORCE_OTHER-PROCUREMENT_JustificationBook_Air_Force_PB_2016.zzz_unzipped-PROCUREMENT_JustificationBook_Air_Force_PB_2016.xml","bce46289ef8f6407bbe591fc76b251a80583d0d995defaa591cb39eec921a4f4","1-3bd86a95536e18fc3efb377d2634d315250f9c0497d6c39785cc890586bd637b","","TBD","","","0-031fb799ab7c56264e73aa6fe8dfc7cb5321072a3c973297b563cab0a649af94","root.record.ItemExhibitList.P5Item.CostElementCategoryList.PackageFielding.Recurring.CostElementList.CostElement.ManufacturerList.Manufacturer"
"2018","Hanscom AFB","2018-01","2018-07","1","59.394","true","","","","","","","","2016-BASE_PROCUREMENT-2016-AIRFORCE_OTHER-PROCUREMENT_JustificationBook_Air_Force_PB_2016.zzz_unzipped-PROCUREMENT_JustificationBook_Air_Force_PB_2016.xml","bce46289ef8f6407bbe591fc76b251a80583d0d995defaa591cb39eec921a4f4","2-ee0bfe658be06fe56affa28302f3eb428d3338c5d2797f0ec6232b230eebe5ff","","TBD","","","0-031fb799ab7c56264e73aa6fe8dfc7cb5321072a3c973297b563cab0a649af94","root.record.ItemExhibitList.P5Item.CostElementCategoryList.PackageFielding.Recurring.CostElementList.CostElement.ManufacturerList.Manufacturer"
"2019","Hanscom AFB","2019-01","2019-07","1","67.130","true","","","","","","","","2016-BASE_PROCUREMENT-2016-AIRFORCE_OTHER-PROCUREMENT_JustificationBook_Air_Force_PB_2016.zzz_unzipped-PROCUREMENT_JustificationBook_Air_Force_PB_2016.xml","bce46289ef8f6407bbe591fc76b251a80583d0d995defaa591cb39eec921a4f4","3-0b313ec73704f86aeb2da8ecf88bd7dd91615e616fa8660512046819f2db48e1","","TBD","","","0-031fb799ab7c56264e73aa6fe8dfc7cb5321072a3c973297b563cab0a649af94","root.record.ItemExhibitList.P5Item.CostElementCategoryList.PackageFielding.Recurring.CostElementList.CostElement.ManufacturerList.Manufacturer"
"2020","Hanscom AFB","2020-01","2020-07","1","76.080","true","","","","","","","","2016-BASE_PROCUREMENT-2016-AIRFORCE_OTHER-PROCUREMENT_JustificationBook_Air_Force_PB_2016.zzz_unzipped-PROCUREMENT_JustificationBook_Air_Force_PB_2016.xml","bce46289ef8f6407bbe591fc76b251a80583d0d995defaa591cb39eec921a4f4","4-21865fdec21cdb880129753ea3de896967321ed9b4a4d2339da2c4a98b2725b3","","TBD","","","0-031fb799ab7c56264e73aa6fe8dfc7cb5321072a3c973297b563cab0a649af94","root.record.ItemExhibitList.P5Item.CostElementCategoryList.PackageFielding.Recurring.CostElementList.CostElement.ManufacturerList.Manufacturer"
"2016","Hanscom AFB","2016-01","2016-05","1","14.161","true","","","","","","","","2016-BASE_PROCUREMENT-2016-AIRFORCE_OTHER-PROCUREMENT_JustificationBook_Air_Force_PB_2016.zzz_unzipped-PROCUREMENT_JustificationBook_Air_Force_PB_2016.xml","bce46289ef8f6407bbe591fc76b251a80583d0d995defaa591cb39eec921a4f4","0-815d2b0b8d6870a3b2364b80dae0400a8fca6dc8feb89ba6cbd2b45d3d0b3dac","","TBD","","","0-36ad81d6e1782f6754251a176e3eaabd502ba2e6f2a4644c6cf7ce804c95a230","root.record.ItemExhibitList.P5Item.CostElementCategoryList.PackageFielding.Recurring.CostElementList.CostElement.ManufacturerList.Manufacturer"
"2017","Hanscom AFB","2017-01","2017-05","1","36.414","true","","","","","","","","2016-BASE_PROCUREMENT-2016-AIRFORCE_OTHER-PROCUREMENT_JustificationBook_Air_Force_PB_2016.zzz_unzipped-PROCUREMENT_JustificationBook_Air_Force_PB_2016.xml","bce46289ef8f6407bbe591fc76b251a80583d0d995defaa591cb39eec921a4f4","1-ffeef495d99c6539a38da1bff09ce5d74b2e208ed9edaf2f0ce849c22936636b","","TBD","","","0-36ad81d6e1782f6754251a176e3eaabd502ba2e6f2a4644c6cf7ce804c95a230","root.record.ItemExhibitList.P5Item.CostElementCategoryList.PackageFielding.Recurring.CostElementList.CostElement.ManufacturerList.Manufacturer"
"2018","Hanscom AFB","2018-01","2018-05","1","46.284","true","","","","","","","","2016-BASE_PROCUREMENT-2016-AIRFORCE_OTHER-PROCUREMENT_JustificationBook_Air_Force_PB_2016.zzz_unzipped-PROCUREMENT_JustificationBook_Air_Force_PB_2016.xml","bce46289ef8f6407bbe591fc76b251a80583d0d995defaa591cb39eec921a4f4","2-8d259af0e94b5861c1d21f79b8a96dd31d02efd8bff5a1b28cda2d0280c74f8e","","TBD","","","0-36ad81d6e1782f6754251a176e3eaabd502ba2e6f2a4644c6cf7ce804c95a230","root.record.ItemExhibitList.P5Item.CostElementCategoryList.PackageFielding.Recurring.CostElementList.CostElement.ManufacturerList.Manufacturer"
"2019","Hanscom AFB","2019-01","2019-05","1","47.933","true","","","","","","","","2016-BASE_PROCUREMENT-2016-AIRFORCE_OTHER-PROCUREMENT_JustificationBook_Air_Force_PB_2016.zzz_unzipped-PROCUREMENT_JustificationBook_Air_Force_PB_2016.xml","bce46289ef8f6407bbe591fc76b251a80583d0d995defaa591cb39eec921a4f4","3-b62102bea14b73d987e7f4d4cf0a75e575c87b2d3a1e070dc1ac4e3d57d4cafc","","TBD","","","0-36ad81d6e1782f6754251a176e3eaabd502ba2e6f2a4644c6cf7ce804c95a230","root.record.ItemExhibitList.P5Item.CostElementCategoryList.PackageFielding.Recurring.CostElementList.CostElement.ManufacturerList.Manufacturer"
"2020","Hanscom AFB","2020-01","2020-07","1","12.020","true","","","","","","","","2016-BASE_PROCUREMENT-2016-AIRFORCE_OTHER-PROCUREMENT_JustificationBook_Air_Force_PB_2016.zzz_unzipped-PROCUREMENT_JustificationBook_Air_Force_PB_2016.xml","bce46289ef8f6407bbe591fc76b251a80583d0d995defaa591cb39eec921a4f4","4-851e5849cda3a0f7fa2d49be92935844eb010458a55842864a6481f41243b3be","","TBD","","","0-36ad81d6e1782f6754251a176e3eaabd502ba2e6f2a4644c6cf7ce804c95a230","root.record.ItemExhibitList.P5Item.CostElementCategoryList.PackageFielding.Recurring.CostElementList.CostElement.ManufacturerList.Manufacturer"
"2014","Hanscom AFB","2015-03","2015-09","1","8.270","true","2014-09","C","LH","","","","","2016-BASE_PROCUREMENT-2016-AIRFORCE_OTHER-PROCUREMENT_JustificationBook_Air_Force_PB_2016.zzz_unzipped-PROCUREMENT_JustificationBook_Air_Force_PB_2016.xml","bce46289ef8f6407bbe591fc76b251a80583d0d995defaa591cb39eec921a4f4","0-0ed731dcd8c7ee7f93f1b53ce19f6fb794aacd9326e18e91b84ab1218a81ffbb","","","","","0-a5edaa881958c4b1461b0f9d2e94f5dc339a0fa9efffc72f5557a6a48f4802df","root.record.ItemExhibitList.P5Item.CostElementCategoryList.PackageFielding.Recurring.CostElementList.CostElement.ManufacturerList.Manufacturer"
"2015","Hanscom AFB","2016-01","2016-11","1","8.860","true","2015-08","C","LH","","","","","2016-BASE_PROCUREMENT-2016-AIRFORCE_OTHER-PROCUREMENT_JustificationBook_Air_Force_PB_2016.zzz_unzipped-PROCUREMENT_JustificationBook_Air_Force_PB_2016.xml","bce46289ef8f6407bbe591fc76b251a80583d0d995defaa591cb39eec921a4f4","0-2ac419597c96069d87b7ea51474e7baca6af218f514f35acaaa17c388e3225ee","","","","","1-98dcb0fc636f4a15b8b183669ba56a20bf8c581e5b2aaff98848b2cf10a5056e","root.record.ItemExhibitList.P5Item.CostElementCategoryList.PackageFielding.Recurring.CostElementList.CostElement.ManufacturerList.Manufacturer"
"2016","Hanscom AFB","2016-01","2016-07","1","9.180","true","","C","LH","","","","","2016-BASE_PROCUREMENT-2016-AIRFORCE_OTHER-PROCUREMENT_JustificationBook_Air_Force_PB_2016.zzz_unzipped-PROCUREMENT_JustificationBook_Air_Force_PB_2016.xml","bce46289ef8f6407bbe591fc76b251a80583d0d995defaa591cb39eec921a4f4","1-dc1d9e2b90eb179047977d2c08b16e599cfbd39f543b7c5ffc473388ec482c7b","","","","","1-98dcb0fc636f4a15b8b183669ba56a20bf8c581e5b2aaff98848b2cf10a5056e","root.record.ItemExhibitList.P5Item.CostElementCategoryList.PackageFielding.Recurring.CostElementList.CostElement.ManufacturerList.Manufacturer"
"2017","Hanscom AFB","2017-05","2018-05","1","9.446","true","","C","LH","","","","","2016-BASE_PROCUREMENT-2016-AIRFORCE_OTHER-PROCUREMENT_JustificationBook_Air_Force_PB_2016.zzz_unzipped-PROCUREMENT_JustificationBook_Air_Force_PB_2016.xml","bce46289ef8f6407bbe591fc76b251a80583d0d995defaa591cb39eec921a4f4","2-ecee02ed45360b7b0bf3461ceec7a9fbe2b4d93893046bc1a09073a2634d3053","","","","","1-98dcb0fc636f4a15b8b183669ba56a20bf8c581e5b2aaff98848b2cf10a5056e","root.record.ItemExhibitList.P5Item.CostElementCategoryList.PackageFielding.Recurring.CostElementList.CostElement.ManufacturerList.Manufacturer"
"2018","Hanscom AFB","2018-01","2018-07","1","10.143","true","","C","LH","","","","","2016-BASE_PROCUREMENT-2016-AIRFORCE_OTHER-PROCUREMENT_JustificationBook_Air_Force_PB_2016.zzz_unzipped-PROCUREMENT_JustificationBook_Air_Force_PB_2016.xml","bce46289ef8f6407bbe591fc76b251a80583d0d995defaa591cb39eec921a4f4","3-8b51f20d324be3515dd57f99bb55d38cb95b486a8092612d899a1ecd00f84600","","","","","1-98dcb0fc636f4a15b8b183669ba56a20bf8c581e5b2aaff98848b2cf10a5056e","root.record.ItemExhibitList.P5Item.CostElementCategoryList.PackageFielding.Recurring.CostElementList.CostElement.ManufacturerList.Manufacturer"
"2019","Hanscom AFB","2018-11","2019-11","1","13.800","true","","C","LH","","","","","2016-BASE_PROCUREMENT-2016-AIRFORCE_OTHER-PROCUREMENT_JustificationBook_Air_Force_PB_2016.zzz_unzipped-PROCUREMENT_JustificationBook_Air_Force_PB_2016.xml","bce46289ef8f6407bbe591fc76b251a80583d0d995defaa591cb39eec921a4f4","4-2f1903f6d8f60d58426869a527dc443a6a7c1b37397fd576cd73c43802e22c2b","","","","","1-98dcb0fc636f4a15b8b183669ba56a20bf8c581e5b2aaff98848b2cf10a5056e","root.record.ItemExhibitList.P5Item.CostElementCategoryList.PackageFielding.Recurring.CostElementList.CostElement.ManufacturerList.Manufacturer"
"2020","Hanscom AFB","2020-01","2020-07","1","11.776","true","","C","LH","","","","","2016-BASE_PROCUREMENT-2016-AIRFORCE_OTHER-PROCUREMENT_JustificationBook_Air_Force_PB_2016.zzz_unzipped-PROCUREMENT_JustificationBook_Air_Force_PB_2016.xml","bce46289ef8f6407bbe591fc76b251a80583d0d995defaa591cb39eec921a4f4","5-8d67ed90237d951f0076053622fdb68eab89d0b76b1cd2f38982deef5215f7b6","","","","","1-98dcb0fc636f4a15b8b183669ba56a20bf8c581e5b2aaff98848b2cf10a5056e","root.record.ItemExhibitList.P5Item.CostElementCategoryList.PackageFielding.Recurring.CostElementList.CostElement.ManufacturerList.Manufacturer"
"2014","Hanscom AFB","2014-10","2015-04","1","41.050","true","2014-04","C","FFP","","","","","2016-BASE_PROCUREMENT-2016-AIRFORCE_OTHER-PROCUREMENT_JustificationBook_Air_Force_PB_2016.zzz_unzipped-PROCUREMENT_JustificationBook_Air_Force_PB_2016.xml","bce46289ef8f6407bbe591fc76b251a80583d0d995defaa591cb39eec921a4f4","0-fc243b9dca3dae9567e37f224cd097697ccd3e5ec9c652540030cb75c7c8c797","","","","","0-c23444ead81f35c4064706ea6fdea57201f291fcbe8e94854d9b2e056d1bb5a8","root.record.ItemExhibitList.P5Item.CostElementCategoryList.PackageFielding.Recurring.CostElementList.CostElement.ManufacturerList.Manufacturer"
"2015","Hanscom AFB","2016-06","2016-12","1","8.800","true","2014-04","C","FFP","","","","","2016-BASE_PROCUREMENT-2016-AIRFORCE_OTHER-PROCUREMENT_JustificationBook_Air_Force_PB_2016.zzz_unzipped-PROCUREMENT_JustificationBook_Air_Force_PB_2016.xml","bce46289ef8f6407bbe591fc76b251a80583d0d995defaa591cb39eec921a4f4","1-a465700e5a17e6d0dc4381ed54940fca244b1da9b8b87b8fb6ff022d7eb3ae22","","","","","0-c23444ead81f35c4064706ea6fdea57201f291fcbe8e94854d9b2e056d1bb5a8","root.record.ItemExhibitList.P5Item.CostElementCategoryList.PackageFielding.Recurring.CostElementList.CostElement.ManufacturerList.Manufacturer"
"2014","Hanscom AFB","2014-07","2015-01","1","1.590","true","2014-01","C","FFP","","","","","2016-BASE_PROCUREMENT-2016-AIRFORCE_OTHER-PROCUREMENT_JustificationBook_Air_Force_PB_2016.zzz_unzipped-PROCUREMENT_JustificationBook_Air_Force_PB_2016.xml","bce46289ef8f6407bbe591fc76b251a80583d0d995defaa591cb39eec921a4f4","0-e8d9d9ddb9fe3f18bb261ecb0d9530eb0e85952dedf75f98b01570f3539108a7","","","","","0-abff4ffffbafc9d8cd78e5be5a7689c0e830acbec470cd78c84c0cc27e40741d","root.record.ItemExhibitList.P5Item.CostElementCategoryList.PackageFielding.Recurring.CostElementList.CostElement.ManufacturerList.Manufacturer"
"2015","Hanscom AFB","2015-02","2015-08","1","50.400","true","2014-08","","","","","","","2016-BASE_PROCUREMENT-2016-AIRFORCE_OTHER-PROCUREMENT_JustificationBook_Air_Force_PB_2016.zzz_unzipped-PROCUREMENT_JustificationBook_Air_Force_PB_2016.xml","bce46289ef8f6407bbe591fc76b251a80583d0d995defaa591cb39eec921a4f4","0-9908899c4b4369818517e1cab7f0025a35d346428633b71600463e08eb9b2a48","","TBD","","","1-273620c0dbe3e93d8c3fd8bb4ee04b6e1703b39cd72e4dcf69d50d020421100c","root.record.ItemExhibitList.P5Item.CostElementCategoryList.PackageFielding.Recurring.CostElementList.CostElement.ManufacturerList.Manufacturer"
"2016","AFLCMC Hanscom AFB","2015-11","2017-03","1","19.576","false","","","","","","","","2016-BASE_PROCUREMENT-2016-AIRFORCE_OTHER-PROCUREMENT_MasterJustificationBook_Air_Force_PB_2016.zzz_unzipped-PROCUREMENT_MasterJustificationBook_Air_Force_PB_2016.xml","1197427e5a2bf1f1f1ef07b0ac162fb683a02ffc71fb76677769f0f00e64a713","0-0b04460452ecd86020841357d5c1d0e5a286166960b316049358c66b0c7a8a3d","2015-10","TBD","","","0-e040e52da30e2b912b543742091dd2456a18838dab7ea899d4a91b138257a7d2","root.record.ItemExhibitList.P5Item.CostElementCategoryList.PackageFielding.Recurring.CostElementList.CostElement.ManufacturerList.Manufacturer"
"2017","AFLCMC Hanscom AFB","2016-11","2017-11","4","10.857","false","","","","","","","","2016-BASE_PROCUREMENT-2016-AIRFORCE_OTHER-PROCUREMENT_MasterJustificationBook_Air_Force_PB_2016.zzz_unzipped-PROCUREMENT_MasterJustificationBook_Air_Force_PB_2016.xml","1197427e5a2bf1f1f1ef07b0ac162fb683a02ffc71fb76677769f0f00e64a713","1-3517ea8601a97760aa62bf65cbc2cead847b4be1f8752824e5242c3385442e57","2015-10","TBD","","","0-e040e52da30e2b912b543742091dd2456a18838dab7ea899d4a91b138257a7d2","root.record.ItemExhibitList.P5Item.CostElementCategoryList.PackageFielding.Recurring.CostElementList.CostElement.ManufacturerList.Manufacturer"
"2018","AFLCMC Hanscom AFB","2017-11","2018-11","1","9.300","false","","","","","","","","2016-BASE_PROCUREMENT-2016-AIRFORCE_OTHER-PROCUREMENT_MasterJustificationBook_Air_Force_PB_2016.zzz_unzipped-PROCUREMENT_MasterJustificationBook_Air_Force_PB_2016.xml","1197427e5a2bf1f1f1ef07b0ac162fb683a02ffc71fb76677769f0f00e64a713","2-93a507152c8539b168b90b7374d407e098c7411610f3b9b387e6d186f4f1bf6b","2015-10","TBD","","","0-e040e52da30e2b912b543742091dd2456a18838dab7ea899d4a91b138257a7d2","root.record.ItemExhibitList.P5Item.CostElementCategoryList.PackageFielding.Recurring.CostElementList.CostElement.ManufacturerList.Manufacturer"
"2016","Hanscom AFB","2016-01","2016-07","1","11.600","true","","","","","","","","2016-BASE_PROCUREMENT-2016-AIRFORCE_OTHER-PROCUREMENT_MasterJustificationBook_Air_Force_PB_2016.zzz_unzipped-PROCUREMENT_MasterJustificationBook_Air_Force_PB_2016.xml","b65725f2c732bfd8660e7280a5d35a4fef39e530ec50e75461aa335166c102b1","0-4dde8216f5dfe0f3cca4fe6a998aef0911d38b6aa896b7afd855a8ab72a23869","","TBD","","","0-5cdb214cd64be5c922715d220d10ce958d96c67f9e0e4883b3e604d8be6f2229","root.record.ItemExhibitList.P5Item.CostElementCategoryList.PackageFielding.Recurring.CostElementList.CostElement.ManufacturerList.Manufacturer"
"2017","Hanscom AFB","2017-01","2017-07","1","2.456","true","","","","","","","","2016-BASE_PROCUREMENT-2016-AIRFORCE_OTHER-PROCUREMENT_MasterJustificationBook_Air_Force_PB_2016.zzz_unzipped-PROCUREMENT_MasterJustificationBook_Air_Force_PB_2016.xml","b65725f2c732bfd8660e7280a5d35a4fef39e530ec50e75461aa335166c102b1","1-c88b4cc2a7acdfeb97ed080441ddf10f04c2d61138c6675d432d2fa8dcddaa25","","TBD","","","0-5cdb214cd64be5c922715d220d10ce958d96c67f9e0e4883b3e604d8be6f2229","root.record.ItemExhibitList.P5Item.CostElementCategoryList.PackageFielding.Recurring.CostElementList.CostElement.ManufacturerList.Manufacturer"
"2016","Hanscom AFB","2016-01","2016-07","1","16.329","true","","","","","","","","2016-BASE_PROCUREMENT-2016-AIRFORCE_OTHER-PROCUREMENT_MasterJustificationBook_Air_Force_PB_2016.zzz_unzipped-PROCUREMENT_MasterJustificationBook_Air_Force_PB_2016.xml","b65725f2c732bfd8660e7280a5d35a4fef39e530ec50e75461aa335166c102b1","0-da17f67acbc858bb3be22c0b37ccc2687d4b3979495373868cf0608deb9f1247","","TBD","","","0-7d3d2a2d47bac92cb4bdcd53a4fc09d8f05a3c6c56d1791944f315e4548beae7","root.record.ItemExhibitList.P5Item.CostElementCategoryList.PackageFielding.Recurring.CostElementList.CostElement.ManufacturerList.Manufacturer"
"2017","Hanscom AFB","2017-01","2017-07","1","0.943","true","","","","","","","","2016-BASE_PROCUREMENT-2016-AIRFORCE_OTHER-PROCUREMENT_MasterJustificationBook_Air_Force_PB_2016.zzz_unzipped-PROCUREMENT_MasterJustificationBook_Air_Force_PB_2016.xml","b65725f2c732bfd8660e7280a5d35a4fef39e530ec50e75461aa335166c102b1","1-cd7827445a0e30c4169193b1b578953c510334e214e989c750e32f6bbb14c297","","TBD","","","0-7d3d2a2d47bac92cb4bdcd53a4fc09d8f05a3c6c56d1791944f315e4548beae7","root.record.ItemExhibitList.P5Item.CostElementCategoryList.PackageFielding.Recurring.CostElementList.CostElement.ManufacturerList.Manufacturer"
"2018","Hanscom AFB","2018-01","2018-07","1","59.394","true","","","","","","","","2016-BASE_PROCUREMENT-2016-AIRFORCE_OTHER-PROCUREMENT_MasterJustificationBook_Air_Force_PB_2016.zzz_unzipped-PROCUREMENT_MasterJustificationBook_Air_Force_PB_2016.xml","b65725f2c732bfd8660e7280a5d35a4fef39e530ec50e75461aa335166c102b1","2-5078cd67c4c5c5b34c4ad3dc4a519712a00b5cba0bbb9ccc399de95841e15e8d","","TBD","","","0-7d3d2a2d47bac92cb4bdcd53a4fc09d8f05a3c6c56d1791944f315e4548beae7","root.record.ItemExhibitList.P5Item.CostElementCategoryList.PackageFielding.Recurring.CostElementList.CostElement.ManufacturerList.Manufacturer"
"2019","Hanscom AFB","2019-01","2019-07","1","67.130","true","","","","","","","","2016-BASE_PROCUREMENT-2016-AIRFORCE_OTHER-PROCUREMENT_MasterJustificationBook_Air_Force_PB_2016.zzz_unzipped-PROCUREMENT_MasterJustificationBook_Air_Force_PB_2016.xml","b65725f2c732bfd8660e7280a5d35a4fef39e530ec50e75461aa335166c102b1","3-67181204632b2d41055de81b70dcc3961cf5fbe21bcd7054e71f20505790a3e1","","TBD","","","0-7d3d2a2d47bac92cb4bdcd53a4fc09d8f05a3c6c56d1791944f315e4548beae7","root.record.ItemExhibitList.P5Item.CostElementCategoryList.PackageFielding.Recurring.CostElementList.CostElement.ManufacturerList.Manufacturer"
"2020","Hanscom AFB","2020-01","2020-07","1","76.080","true","","","","","","","","2016-BASE_PROCUREMENT-2016-AIRFORCE_OTHER-PROCUREMENT_MasterJustificationBook_Air_Force_PB_2016.zzz_unzipped-PROCUREMENT_MasterJustificationBook_Air_Force_PB_2016.xml","b65725f2c732bfd8660e7280a5d35a4fef39e530ec50e75461aa335166c102b1","4-32371fca2fea920f95393f9717bbc2c2488678f670d37e57bde6807d7dfdd444","","TBD","","","0-7d3d2a2d47bac92cb4bdcd53a4fc09d8f05a3c6c56d1791944f315e4548beae7","root.record.ItemExhibitList.P5Item.CostElementCategoryList.PackageFielding.Recurring.CostElementList.CostElement.ManufacturerList.Manufacturer"
"2016","Hanscom AFB","2016-01","2016-05","1","14.161","true","","","","","","","","2016-BASE_PROCUREMENT-2016-AIRFORCE_OTHER-PROCUREMENT_MasterJustificationBook_Air_Force_PB_2016.zzz_unzipped-PROCUREMENT_MasterJustificationBook_Air_Force_PB_2016.xml","b65725f2c732bfd8660e7280a5d35a4fef39e530ec50e75461aa335166c102b1","0-c4b7d1c1f9b448d9227f551fd947f89e36b848002fed173abe45bb1ffbc1861d","","TBD","","","0-ac0f01d0f496fc51e45d9cbb51743641359b490db2d6b617747cb150c862db58","root.record.ItemExhibitList.P5Item.CostElementCategoryList.PackageFielding.Recurring.CostElementList.CostElement.ManufacturerList.Manufacturer"
"2017","Hanscom AFB","2017-01","2017-05","1","36.414","true","","","","","","","","2016-BASE_PROCUREMENT-2016-AIRFORCE_OTHER-PROCUREMENT_MasterJustificationBook_Air_Force_PB_2016.zzz_unzipped-PROCUREMENT_MasterJustificationBook_Air_Force_PB_2016.xml","b65725f2c732bfd8660e7280a5d35a4fef39e530ec50e75461aa335166c102b1","1-9730c0bd72424b86d87087f6bf992b8dedf82be4b4b9fd23e0b14478eeced740","","TBD","","","0-ac0f01d0f496fc51e45d9cbb51743641359b490db2d6b617747cb150c862db58","root.record.ItemExhibitList.P5Item.CostElementCategoryList.PackageFielding.Recurring.CostElementList.CostElement.ManufacturerList.Manufacturer"
"2018","Hanscom AFB","2018-01","2018-05","1","46.284","true","","","","","","","","2016-BASE_PROCUREMENT-2016-AIRFORCE_OTHER-PROCUREMENT_MasterJustificationBook_Air_Force_PB_2016.zzz_unzipped-PROCUREMENT_MasterJustificationBook_Air_Force_PB_2016.xml","b65725f2c732bfd8660e7280a5d35a4fef39e530ec50e75461aa335166c102b1","2-92e9782b472b1bffe537d531e8914709f01d8150e1c5dfdaf3c74cffa4994894","","TBD","","","0-ac0f01d0f496fc51e45d9cbb51743641359b490db2d6b617747cb150c862db58","root.record.ItemExhibitList.P5Item.CostElementCategoryList.PackageFielding.Recurring.CostElementList.CostElement.ManufacturerList.Manufacturer"
"2019","Hanscom AFB","2019-01","2019-05","1","47.933","true","","","","","","","","2016-BASE_PROCUREMENT-2016-AIRFORCE_OTHER-PROCUREMENT_MasterJustificationBook_Air_Force_PB_2016.zzz_unzipped-PROCUREMENT_MasterJustificationBook_Air_Force_PB_2016.xml","b65725f2c732bfd8660e7280a5d35a4fef39e530ec50e75461aa335166c102b1","3-a631bfa34fdd744db449de81a915498b970f0336056c53f5590084f732812320","","TBD","","","0-ac0f01d0f496fc51e45d9cbb51743641359b490db2d6b617747cb150c862db58","root.record.ItemExhibitList.P5Item.CostElementCategoryList.PackageFielding.Recurring.CostElementList.CostElement.ManufacturerList.Manufacturer"
"2020","Hanscom AFB","2020-01","2020-07","1","12.020","true","","","","","","","","2016-BASE_PROCUREMENT-2016-AIRFORCE_OTHER-PROCUREMENT_MasterJustificationBook_Air_Force_PB_2016.zzz_unzipped-PROCUREMENT_MasterJustificationBook_Air_Force_PB_2016.xml","b65725f2c732bfd8660e7280a5d35a4fef39e530ec50e75461aa335166c102b1","4-6616ff176488053dced27f2e56882491fc34b7e379ad11a50babafe31c748eb3","","TBD","","","0-ac0f01d0f496fc51e45d9cbb51743641359b490db2d6b617747cb150c862db58","root.record.ItemExhibitList.P5Item.CostElementCategoryList.PackageFielding.Recurring.CostElementList.CostElement.ManufacturerList.Manufacturer"
"2014","Hanscom AFB","2015-03","2015-09","1","8.270","true","2014-09","C","LH","","","","","2016-BASE_PROCUREMENT-2016-AIRFORCE_OTHER-PROCUREMENT_MasterJustificationBook_Air_Force_PB_2016.zzz_unzipped-PROCUREMENT_MasterJustificationBook_Air_Force_PB_2016.xml","b65725f2c732bfd8660e7280a5d35a4fef39e530ec50e75461aa335166c102b1","0-d9b1e5a63cf741b7dc655124a86b5d6f53b41a77839386843805444191b004f5","","","","","0-0b5f324694ee61a27183833d527a7736bebf703eb57aadeaa77bd5c0e7d5dc70","root.record.ItemExhibitList.P5Item.CostElementCategoryList.PackageFielding.Recurring.CostElementList.CostElement.ManufacturerList.Manufacturer"
"2015","Hanscom AFB","2016-01","2016-11","1","8.860","true","2015-08","C","LH","","","","","2016-BASE_PROCUREMENT-2016-AIRFORCE_OTHER-PROCUREMENT_MasterJustificationBook_Air_Force_PB_2016.zzz_unzipped-PROCUREMENT_MasterJustificationBook_Air_Force_PB_2016.xml","b65725f2c732bfd8660e7280a5d35a4fef39e530ec50e75461aa335166c102b1","0-96dac92bc89df31b76f9f292715b7f882ac609cb9a2a25f644c731742a5bee3b","","","","","1-53eee97d1326758af07f24c8334fb78718361e9ac3a04aac7ec68df72efdc30c","root.record.ItemExhibitList.P5Item.CostElementCategoryList.PackageFielding.Recurring.CostElementList.CostElement.ManufacturerList.Manufacturer"
"2016","Hanscom AFB","2016-01","2016-07","1","9.180","true","","C","LH","","","","","2016-BASE_PROCUREMENT-2016-AIRFORCE_OTHER-PROCUREMENT_MasterJustificationBook_Air_Force_PB_2016.zzz_unzipped-PROCUREMENT_MasterJustificationBook_Air_Force_PB_2016.xml","b65725f2c732bfd8660e7280a5d35a4fef39e530ec50e75461aa335166c102b1","1-f3c42cc54fd368a485cf3a90b352915772d8714b8befeb141dc7042b5e2fd9ca","","","","","1-53eee97d1326758af07f24c8334fb78718361e9ac3a04aac7ec68df72efdc30c","root.record.ItemExhibitList.P5Item.CostElementCategoryList.PackageFielding.Recurring.CostElementList.CostElement.ManufacturerList.Manufacturer"
"2017","Hanscom AFB","2017-05","2018-05","1","9.446","true","","C","LH","","","","","2016-BASE_PROCUREMENT-2016-AIRFORCE_OTHER-PROCUREMENT_MasterJustificationBook_Air_Force_PB_2016.zzz_unzipped-PROCUREMENT_MasterJustificationBook_Air_Force_PB_2016.xml","b65725f2c732bfd8660e7280a5d35a4fef39e530ec50e75461aa335166c102b1","2-d66a388765ae6b9852a4fa200fca53e174dc89e0bbe87b45c487bc1d4fe561ca","","","","","1-53eee97d1326758af07f24c8334fb78718361e9ac3a04aac7ec68df72efdc30c","root.record.ItemExhibitList.P5Item.CostElementCategoryList.PackageFielding.Recurring.CostElementList.CostElement.ManufacturerList.Manufacturer"
"2018","Hanscom AFB","2018-01","2018-07","1","10.143","true","","C","LH","","","","","2016-BASE_PROCUREMENT-2016-AIRFORCE_OTHER-PROCUREMENT_MasterJustificationBook_Air_Force_PB_2016.zzz_unzipped-PROCUREMENT_MasterJustificationBook_Air_Force_PB_2016.xml","b65725f2c732bfd8660e7280a5d35a4fef39e530ec50e75461aa335166c102b1","3-0180280094786e6dd89966e6c7ee634b588b86992ea8bf722525e880014493ab","","","","","1-53eee97d1326758af07f24c8334fb78718361e9ac3a04aac7ec68df72efdc30c","root.record.ItemExhibitList.P5Item.CostElementCategoryList.PackageFielding.Recurring.CostElementList.CostElement.ManufacturerList.Manufacturer"
"2019","Hanscom AFB","2018-11","2019-11","1","13.800","true","","C","LH","","","","","2016-BASE_PROCUREMENT-2016-AIRFORCE_OTHER-PROCUREMENT_MasterJustificationBook_Air_Force_PB_2016.zzz_unzipped-PROCUREMENT_MasterJustificationBook_Air_Force_PB_2016.xml","b65725f2c732bfd8660e7280a5d35a4fef39e530ec50e75461aa335166c102b1","4-a01e66b57d707bb4e55fb21452b8ac485815b6ca1c41226172c7819486ae38e3","","","","","1-53eee97d1326758af07f24c8334fb78718361e9ac3a04aac7ec68df72efdc30c","root.record.ItemExhibitList.P5Item.CostElementCategoryList.PackageFielding.Recurring.CostElementList.CostElement.ManufacturerList.Manufacturer"
"2020","Hanscom AFB","2020-01","2020-07","1","11.776","true","","C","LH","","","","","2016-BASE_PROCUREMENT-2016-AIRFORCE_OTHER-PROCUREMENT_MasterJustificationBook_Air_Force_PB_2016.zzz_unzipped-PROCUREMENT_MasterJustificationBook_Air_Force_PB_2016.xml","b65725f2c732bfd8660e7280a5d35a4fef39e530ec50e75461aa335166c102b1","5-4bcc5f0a159324c178bbee8ce37a6ed90ed4b33f4f3a02cb60736f15c3a95519","","","","","1-53eee97d1326758af07f24c8334fb78718361e9ac3a04aac7ec68df72efdc30c","root.record.ItemExhibitList.P5Item.CostElementCategoryList.PackageFielding.Recurring.CostElementList.CostElement.ManufacturerList.Manufacturer"
"2014","Hanscom AFB","2014-10","2015-04","1","41.050","true","2014-04","C","FFP","","","","","2016-BASE_PROCUREMENT-2016-AIRFORCE_OTHER-PROCUREMENT_MasterJustificationBook_Air_Force_PB_2016.zzz_unzipped-PROCUREMENT_MasterJustificationBook_Air_Force_PB_2016.xml","b65725f2c732bfd8660e7280a5d35a4fef39e530ec50e75461aa335166c102b1","0-53a3b665d49b76063f5ab0bf2838c3a24e5a1c5d81bb759cb9fa9e6e6101ae27","","","","","0-3d5eb43d528206a1d00c0e9280e778ef75df0e1dc9659478a852ded5d764c9c3","root.record.ItemExhibitList.P5Item.CostElementCategoryList.PackageFielding.Recurring.CostElementList.CostElement.ManufacturerList.Manufacturer"
"2015","Hanscom AFB","2016-06","2016-12","1","8.800","true","2014-04","C","FFP","","","","","2016-BASE_PROCUREMENT-2016-AIRFORCE_OTHER-PROCUREMENT_MasterJustificationBook_Air_Force_PB_2016.zzz_unzipped-PROCUREMENT_MasterJustificationBook_Air_Force_PB_2016.xml","b65725f2c732bfd8660e7280a5d35a4fef39e530ec50e75461aa335166c102b1","1-681e919d71be8a380ed14dce46734092062bfb17d9a97f7d394eb27d0cf75d99","","","","","0-3d5eb43d528206a1d00c0e9280e778ef75df0e1dc9659478a852ded5d764c9c3","root.record.ItemExhibitList.P5Item.CostElementCategoryList.PackageFielding.Recurring.CostElementList.CostElement.ManufacturerList.Manufacturer"
"2014","Hanscom AFB","2014-07","2015-01","1","1.590","true","2014-01","C","FFP","","","","","2016-BASE_PROCUREMENT-2016-AIRFORCE_OTHER-PROCUREMENT_MasterJustificationBook_Air_Force_PB_2016.zzz_unzipped-PROCUREMENT_MasterJustificationBook_Air_Force_PB_2016.xml","b65725f2c732bfd8660e7280a5d35a4fef39e530ec50e75461aa335166c102b1","0-ade57267a7d35fb158ee254e719e335ec8f1203320c9144e101eb4c3a19cc8b7","","","","","0-9f1806135da1808ceab0b8836114cb0bf7728e684de230344ae4b9e418fad6f3","root.record.ItemExhibitList.P5Item.CostElementCategoryList.PackageFielding.Recurring.CostElementList.CostElement.ManufacturerList.Manufacturer"
"2015","Hanscom AFB","2015-02","2015-08","1","50.400","true","2014-08","","","","","","","2016-BASE_PROCUREMENT-2016-AIRFORCE_OTHER-PROCUREMENT_MasterJustificationBook_Air_Force_PB_2016.zzz_unzipped-PROCUREMENT_MasterJustificationBook_Air_Force_PB_2016.xml","b65725f2c732bfd8660e7280a5d35a4fef39e530ec50e75461aa335166c102b1","0-ed0dd85c4e40571b21a54bdab18e8257c253e29ef1df7eacb8906a421db6fcb6","","TBD","","","1-efdd92f8857b3c656491e7cc95a98aba47b58e955528995ae29f5ea022c4fa76","root.record.ItemExhibitList.P5Item.CostElementCategoryList.PackageFielding.Recurring.CostElementList.CostElement.ManufacturerList.Manufacturer"
"2016","AFLCMC Hanscom AFB","2016-07","2016-10","1","10.936","false","","","","Air Force","1","","2017-BASE_PROCUREMENT-2017-AIRFORCE_OTHER-U_PROCUREMENT_JustificationBook_Air_Force_PB_2017.zzz_unzipped-U_PROCUREMENT_JustificationBook_Air_Force_PB_2017.xml","bcc662e800dc8bb76a8285528cc168abcc6312deba5f8a8505391946132986f2","0-fbcbcff6f5d54430a0c1cc648db1f629c5bc84ae96fba488f35851c8bbd4a30d","2015-10","TBD","1","0-27287679dc5b696e17023d8794625f8c3f5887d87ed2973e905a30f441dd0627","root.record.ItemExhibitList.P5Item.CostElementCategoryList.PackageFielding.Recurring.CostElementList.CostElement.ManufacturerList.Manufacturer"
"2017","AFLCMC Hanscom AFB","2016-10","2017-02","2","11.222","false","","","","Air Force","2","","2017-BASE_PROCUREMENT-2017-AIRFORCE_OTHER-U_PROCUREMENT_JustificationBook_Air_Force_PB_2017.zzz_unzipped-U_PROCUREMENT_JustificationBook_Air_Force_PB_2017.xml","bcc662e800dc8bb76a8285528cc168abcc6312deba5f8a8505391946132986f2","1-9db3130b92d8f85bee23b5685096a25a5d0165ee7893ca71684d017f39b6993b","2015-10","TBD","2","0-27287679dc5b696e17023d8794625f8c3f5887d87ed2973e905a30f441dd0627","root.record.ItemExhibitList.P5Item.CostElementCategoryList.PackageFielding.Recurring.CostElementList.CostElement.ManufacturerList.Manufacturer"
"2018","AFLCMC Hanscom AFB","2017-10","2018-02","3","2.937","false","","","","Air Force","3","","2017-BASE_PROCUREMENT-2017-AIRFORCE_OTHER-U_PROCUREMENT_JustificationBook_Air_Force_PB_2017.zzz_unzipped-U_PROCUREMENT_JustificationBook_Air_Force_PB_2017.xml","bcc662e800dc8bb76a8285528cc168abcc6312deba5f8a8505391946132986f2","2-d8b565b814209bdb93d4b76096e1cceaba707324c00ddff1a71c997204832825","2015-10","TBD","3","0-27287679dc5b696e17023d8794625f8c3f5887d87ed2973e905a30f441dd0627","root.record.ItemExhibitList.P5Item.CostElementCategoryList.PackageFielding.Recurring.CostElementList.CostElement.ManufacturerList.Manufacturer"
"2016","AFLCMC Hanscom AFB","2016-07","2016-10","1","10.936","false","","","","Air Force","1","","2017-BASE_PROCUREMENT-2017-AIRFORCE_OTHER-U_PROCUREMENT_MasterJustificationBook_Air_Force_PB_2017.zzz_unzipped-U_PROCUREMENT_MasterJustificationBook_Air_Force_PB_2017.xml","c65c2d0ea2fabef820926a6a818da5c6319f34ef25a69b14de78ceb6be599d12","0-44f883b31a256e59d8f864fb88c7d89e24b02e08f158d2c09530bf6dfe3fe87c","2015-10","TBD","1","0-cb3407e3c81f7fd2720c0e8ab27b472b42f9054f8264c8e183cc7aca3da7b27f","root.record.ItemExhibitList.P5Item.CostElementCategoryList.PackageFielding.Recurring.CostElementList.CostElement.ManufacturerList.Manufacturer"
"2017","AFLCMC Hanscom AFB","2016-10","2017-02","2","11.222","false","","","","Air Force","2","","2017-BASE_PROCUREMENT-2017-AIRFORCE_OTHER-U_PROCUREMENT_MasterJustificationBook_Air_Force_PB_2017.zzz_unzipped-U_PROCUREMENT_MasterJustificationBook_Air_Force_PB_2017.xml","c65c2d0ea2fabef820926a6a818da5c6319f34ef25a69b14de78ceb6be599d12","1-c7de02957a3973ee6fb173b511ffd630a77fe78bb96f450431715b37685e76c6","2015-10","TBD","2","0-cb3407e3c81f7fd2720c0e8ab27b472b42f9054f8264c8e183cc7aca3da7b27f","root.record.ItemExhibitList.P5Item.CostElementCategoryList.PackageFielding.Recurring.CostElementList.CostElement.ManufacturerList.Manufacturer"
"2018","AFLCMC Hanscom AFB","2017-10","2018-02","3","2.937","false","","","","Air Force","3","","2017-BASE_PROCUREMENT-2017-AIRFORCE_OTHER-U_PROCUREMENT_MasterJustificationBook_Air_Force_PB_2017.zzz_unzipped-U_PROCUREMENT_MasterJustificationBook_Air_Force_PB_2017.xml","c65c2d0ea2fabef820926a6a818da5c6319f34ef25a69b14de78ceb6be599d12","2-c6df5506bcbb3294ab834ce342eb771f2c43ab1b24ad34ff0eb0f96df79bcfd7","2015-10","TBD","3","0-cb3407e3c81f7fd2720c0e8ab27b472b42f9054f8264c8e183cc7aca3da7b27f","root.record.ItemExhibitList.P5Item.CostElementCategoryList.PackageFielding.Recurring.CostElementList.CostElement.ManufacturerList.Manufacturer"
"2017","ACC-NJ","2017-03","2017-11","1","4214.000","","","C","CPIF","","","","","2017-BASE_PROCUREMENT-2017-ARMY_OTHER_2-U_PROCUREMENT_JustificationBook_Army_PB_2017.zzz_unzipped-U_PROCUREMENT_JustificationBook_Army_PB_2017.xml","4749a19225f22314c1a3af82dab22835b79b363ea2e08400776d9d7baf87145b","0-f313eb540cae81d1703bf65a8f896b0476795d2e22ffcb40c1ba93487c0f6215","","","","","0-4838c4acaa9c67386c176e0720ebdbcc8f97dd1c398e0a35e50e9b8d4e524a69","root.record.ItemExhibitList.P5Item.CostElementCategoryList.PackageFielding.Recurring.CostElementList.CostElement.ManufacturerList.Manufacturer"
"2018","TBD","2018-05","2018-05","1","2035.000","","","","","","","","","2018-BASE_PROCUREMENT-2018-ARMY_OTHER_2-U_PROCUREMENT_JustificationBook_Army_PB_2018.zzz_unzipped-U_PROCUREMENT_JustificationBook_Army_PB_2018.xml","38c294167c355d339a8ccea624e0b0643e68457c11866b2b886992043516b63d","0-19f8695275f0e16e8fdaad302a07841b09f04e52108a3bad9de1da9a6dcb47bb","","TBD","","","0-373ac458ab1da8e5950007cef72561ef8a388c82f72f3848b9c1129946c8ca3b","root.record.ItemExhibitList.P5Item.CostElementCategoryList.PackageFielding.Recurring.CostElementList.CostElement.ManufacturerList.Manufacturer"
"2018","TBD","2018-01","2018-05","1","1445.000","","","","","","","","","2018-BASE_PROCUREMENT-2018-ARMY_OTHER_2-U_PROCUREMENT_JustificationBook_Army_PB_2018.zzz_unzipped-U_PROCUREMENT_JustificationBook_Army_PB_2018.xml","38c294167c355d339a8ccea624e0b0643e68457c11866b2b886992043516b63d","0-38c5e0b14c0b620d12966c6131d217e0baa05b423d839897387e2c04b6590ebf","","TBD","","","0-8343aa7de38f2f0391bbba6e871fe28e65bdd5fcfe755e7c656514b88b541ae1","root.record.ItemExhibitList.P5Item.CostElementCategoryList.PackageFielding.Recurring.CostElementList.CostElement.ManufacturerList.Manufacturer"
"2016","ACC-NJ","2016-09","2017-08","1","4446","true","","Option","CPIF","","","","","2019-BASE_PROCUREMENT-2019-ARMY_OTHER_2-U_PROCUREMENT_JustificationBook_Army_PB_2019.zzz_unzipped-U_PROCUREMENT_JustificationBook_Army_PB_2019.xml","5add64b8733be58a091d88ecb43cfe89e860a4a60660a6af7b3b1a128dbefa00","0-159e24061ec7edd6a37cc44e53189465833521f9a6ab76bb9412a8b37ed5c919","","","","","0-f596c32f2159cecd13f9fb800491036ffeb8fe2d75d81fa4763f4a971876d239","root.record.ItemExhibitList.P5Item.CostElementCategoryList.PackageFielding.Recurring.CostElementList.CostElement.ManufacturerList.Manufacturer"
"2017","ACC-NJ","2017-09","2018-06","1","4214","true","","Option","CPIF","","","","","2019-BASE_PROCUREMENT-2019-ARMY_OTHER_2-U_PROCUREMENT_JustificationBook_Army_PB_2019.zzz_unzipped-U_PROCUREMENT_JustificationBook_Army_PB_2019.xml","5add64b8733be58a091d88ecb43cfe89e860a4a60660a6af7b3b1a128dbefa00","1-79ba32e29b9b0d01da6c4fd9d2e145cbfa80f1cf595a4e8755fa7fcfbdc1c59a","","","","","0-f596c32f2159cecd13f9fb800491036ffeb8fe2d75d81fa4763f4a971876d239","root.record.ItemExhibitList.P5Item.CostElementCategoryList.PackageFielding.Recurring.CostElementList.CostElement.ManufacturerList.Manufacturer"
"2018","ACC-NJ","2018-08","2018-08","1","16140","true","","Option","CPIF","","","","","2019-BASE_PROCUREMENT-2019-ARMY_OTHER_2-U_PROCUREMENT_JustificationBook_Army_PB_2019.zzz_unzipped-U_PROCUREMENT_JustificationBook_Army_PB_2019.xml","5add64b8733be58a091d88ecb43cfe89e860a4a60660a6af7b3b1a128dbefa00","2-b328949fddde51742052286c905e4faa9a30bfba9cf72e8d2c4c156456a455d9","","","","","0-f596c32f2159cecd13f9fb800491036ffeb8fe2d75d81fa4763f4a971876d239","root.record.ItemExhibitList.P5Item.CostElementCategoryList.PackageFielding.Recurring.CostElementList.CostElement.ManufacturerList.Manufacturer"
"2019","ACC-NJ","2019-04","2019-11","1","29239","","","Option","CPIF","","","","","2019-BASE_PROCUREMENT-2019-ARMY_OTHER_2-U_PROCUREMENT_JustificationBook_Army_PB_2019.zzz_unzipped-U_PROCUREMENT_JustificationBook_Army_PB_2019.xml","5add64b8733be58a091d88ecb43cfe89e860a4a60660a6af7b3b1a128dbefa00","3-d580a8c01abf748904e5eea5cc6bcdd2d025b2b204a664b1f4f27e86740e99fb","","","","","0-f596c32f2159cecd13f9fb800491036ffeb8fe2d75d81fa4763f4a971876d239","root.record.ItemExhibitList.P5Item.CostElementCategoryList.PackageFielding.Recurring.CostElementList.CostElement.ManufacturerList.Manufacturer"
"2020","GSA","2019-12","2020-01","1","5469","false","","C","FP","","","","","2020-BASE_PROCUREMENT-2020-ARMY_OTHER_2-U_PROCUREMENT_JustificationBook_Army_PB_2020.zzz_unzipped-U_PROCUREMENT_JustificationBook_Army_PB_2020.xml","16123f19d14714e621f3ad3717eb0a04587382702be0e2b1e9ac91adb50ab769","0-35369194b1809c9c6d70d65aa58d78cf8d6ace778cff38717b0a4e84d87ca3d5","","","","","0-6d251c92e974bea526d647a130967fdff024ba77034e5241b0b6fdb1c5994b7f","root.record.ItemExhibitList.P5Item.CostElementCategoryList.PackageFielding.Recurring.CostElementList.CostElement.ManufacturerList.Manufacturer"
"2018","GSA","2017-12","2018-01","1","4710","false","","C","FP","","","","","2020-BASE_PROCUREMENT-2020-ARMY_OTHER_2-U_PROCUREMENT_JustificationBook_Army_PB_2020.zzz_unzipped-U_PROCUREMENT_JustificationBook_Army_PB_2020.xml","16123f19d14714e621f3ad3717eb0a04587382702be0e2b1e9ac91adb50ab769","0-1dd664e5614501e8381741361eb1b875aa93130fbfea5f213fb6b94ae3c13ea6","","","","","1-f3cfaa37ba96bbfb34632acc0b1235068f9cacd059d0686a2032794ee07a2876","root.record.ItemExhibitList.P5Item.CostElementCategoryList.PackageFielding.Recurring.CostElementList.CostElement.ManufacturerList.Manufacturer"
"2019","GSA","2018-12","2019-01","1","7786","false","","C","FP","","","","","2020-BASE_PROCUREMENT-2020-ARMY_OTHER_2-U_PROCUREMENT_JustificationBook_Army_PB_2020.zzz_unzipped-U_PROCUREMENT_JustificationBook_Army_PB_2020.xml","16123f19d14714e621f3ad3717eb0a04587382702be0e2b1e9ac91adb50ab769","1-d7357ee71e1ddd78314cc505fa70df9d7dbf1551245aa821a38a3a91824e50e8","","","","","1-f3cfaa37ba96bbfb34632acc0b1235068f9cacd059d0686a2032794ee07a2876","root.record.ItemExhibitList.P5Item.CostElementCategoryList.PackageFielding.Recurring.CostElementList.CostElement.ManufacturerList.Manufacturer"
"2016","ACC-NJ","2016-09","2017-08","1","4446","true","","Option","CPIF","","","","","2020-BASE_PROCUREMENT-2020-ARMY_OTHER_2-U_PROCUREMENT_JustificationBook_Army_PB_2020.zzz_unzipped-U_PROCUREMENT_JustificationBook_Army_PB_2020.xml","bccab256ad07c458efbf6015255c69b667e6fb84c81c395a9847bc99db6b1514","0-b1392874bd585a09e4372dd54f8cf5fd0b2f2ed62c99beb9dac38b16f863483e","","","","","0-8b771165001d1a243b6b4a317d205595190288aabbcfae5c7655a42cb1ef5db9","root.record.ItemExhibitList.P5Item.CostElementCategoryList.PackageFielding.Recurring.CostElementList.CostElement.ManufacturerList.Manufacturer"
"2017","ACC-NJ","2017-09","2018-06","1","4214","true","","Option","CPIF","","","","","2020-BASE_PROCUREMENT-2020-ARMY_OTHER_2-U_PROCUREMENT_JustificationBook_Army_PB_2020.zzz_unzipped-U_PROCUREMENT_JustificationBook_Army_PB_2020.xml","bccab256ad07c458efbf6015255c69b667e6fb84c81c395a9847bc99db6b1514","1-0d29173319afd593b20eb6495fb30d8c390f4fc2fa3e196d6d38c8e8b93fb6bb","","","","","0-8b771165001d1a243b6b4a317d205595190288aabbcfae5c7655a42cb1ef5db9","root.record.ItemExhibitList.P5Item.CostElementCategoryList.PackageFielding.Recurring.CostElementList.CostElement.ManufacturerList.Manufacturer"
"2018","ACC-NJ","2018-08","2018-08","1","16140","true","","Option","CPIF","","","","","2020-BASE_PROCUREMENT-2020-ARMY_OTHER_2-U_PROCUREMENT_JustificationBook_Army_PB_2020.zzz_unzipped-U_PROCUREMENT_JustificationBook_Army_PB_2020.xml","bccab256ad07c458efbf6015255c69b667e6fb84c81c395a9847bc99db6b1514","2-ec7f2c1815aca79249069e17b4d982bdcff547fd8223a5db2df97f22800a154f","","","","","0-8b771165001d1a243b6b4a317d205595190288aabbcfae5c7655a42cb1ef5db9","root.record.ItemExhibitList.P5Item.CostElementCategoryList.PackageFielding.Recurring.CostElementList.CostElement.ManufacturerList.Manufacturer"
"2019","ACC-NJ","2018-12","2019-08","1","16800","true","","Option","CPIF","","","","","2020-BASE_PROCUREMENT-2020-ARMY_OTHER_2-U_PROCUREMENT_JustificationBook_Army_PB_2020.zzz_unzipped-U_PROCUREMENT_JustificationBook_Army_PB_2020.xml","bccab256ad07c458efbf6015255c69b667e6fb84c81c395a9847bc99db6b1514","3-03eb9d4121300d33ba4578f829789055369f614b7c1c8286bca6978cde09e1b9","","","","","0-8b771165001d1a243b6b4a317d205595190288aabbcfae5c7655a42cb1ef5db9","root.record.ItemExhibitList.P5Item.CostElementCategoryList.PackageFielding.Recurring.CostElementList.CostElement.ManufacturerList.Manufacturer"
"2020","ACC-NJ","2020-01","2020-03","1","18674","true","","Option","CPIF","","","","","2020-BASE_PROCUREMENT-2020-ARMY_OTHER_2-U_PROCUREMENT_JustificationBook_Army_PB_2020.zzz_unzipped-U_PROCUREMENT_JustificationBook_Army_PB_2020.xml","bccab256ad07c458efbf6015255c69b667e6fb84c81c395a9847bc99db6b1514","4-53a3cab178e2b6fd3f187bd94d9f85d3634e632966ceec835e68b4ec6fc9f5d7","","","","","0-8b771165001d1a243b6b4a317d205595190288aabbcfae5c7655a42cb1ef5db9","root.record.ItemExhibitList.P5Item.CostElementCategoryList.PackageFielding.Recurring.CostElementList.CostElement.ManufacturerList.Manufacturer"
"2018","TBD","2018-05","2018-05","1","2035","false","","","","","","","","2020-BASE_PROCUREMENT-2020-ARMY_OTHER_2-U_PROCUREMENT_JustificationBook_Army_PB_2020.zzz_unzipped-U_PROCUREMENT_JustificationBook_Army_PB_2020.xml","d5240ff4c7e79de7e15416cf9377c2be2f6ae02e5a70527e4c772787a856bd28","0-033af730513cdace745485b8181965f268375c3c7171ed5dca91d310106b9420","","TBD","","","0-0edcb2182b5e9a35d59bbced138fd4adbeeba8292ec4336eba4e21135152420d","root.record.ItemExhibitList.P5Item.CostElementCategoryList.PackageFielding.Recurring.CostElementList.CostElement.ManufacturerList.Manufacturer"
"2018","TBD","2018-01","2018-05","1","1445","false","","","","","","","","2020-BASE_PROCUREMENT-2020-ARMY_OTHER_2-U_PROCUREMENT_JustificationBook_Army_PB_2020.zzz_unzipped-U_PROCUREMENT_JustificationBook_Army_PB_2020.xml","d5240ff4c7e79de7e15416cf9377c2be2f6ae02e5a70527e4c772787a856bd28","0-7f357b9b367bf9b7a2ddef792c8a936e4006cf22eca4dc1ce93294a7d03c8c7a","","TBD","","","0-1b8fb086dc3b30099c993522b4fbf770f862b080f7b1c05e9485935d6814270e","root.record.ItemExhibitList.P5Item.CostElementCategoryList.PackageFielding.Recurring.CostElementList.CostElement.ManufacturerList.Manufacturer"
